0	0	3.999867	22
0.052632	0	3.495154	22
0.105263	0	2.490485	22
0.157895	0	2	22
0.210526	0	2.518808	25
0.263158	0	3.52321	25
0.315789	0	3.999336	25
0.368421	0	3.466571	25
0.421053	0	2.462703	23
0.473684	0	2.001063	23
0.526316	0	2.547642	16
0.578947	0	3.550709	16
0.631579	0	3.997742	16
0.684211	0	3.437493	16
0.736842	0	2.435493	16
0.789474	0	2.003187	11
0.842105	0	2.576957	11
0.894737	0	3.577624	11
0.947368	0	3.995087	11
1	0	3.407949	11
0	0.052632	4.052474	22
0.052632	0.052632	3.547761	22
0.105263	0.052632	2.543092	22
0.157895	0.052632	2.052607	22
0.210526	0.052632	2.571415	25
0.263158	0.052632	3.575817	25
0.315789	0.052632	4.051943	25
0.368421	0.052632	3.519179	25
0.421053	0.052632	2.515311	23
0.473684	0.052632	2.05367	23
0.526316	0.052632	2.600249	16
0.578947	0.052632	3.603317	16
0.631579	0.052632	4.050349	16
0.684211	0.052632	3.4901	16
0.736842	0.052632	2.4881	16
0.789474	0.052632	2.055795	11
0.842105	0.052632	2.629564	11
0.894737	0.052632	3.630231	11
0.947368	0.052632	4.047695	11
1	0.052632	3.460556	11
0	0.105263	4.104936	21
0.052632	0.105263	3.600223	21
0.105263	0.105263	2.595554	21
0.157895	0.105263	2.105069	21
0.210526	0.105263	2.623877	24
0.263158	0.105263	3.628279	24
0.315789	0.105263	4.104405	24
0.368421	0.105263	3.57164	24
0.421053	0.105263	2.567772	23
0.473684	0.105263	2.106132	23
0.526316	0.105263	2.652711	17
0.578947	0.105263	3.655778	17
0.631579	0.105263	4.102811	17
0.684211	0.105263	3.542562	17
0.736842	0.105263	2.540562	17
0.789474	0.105263	2.108256	12
0.842105	0.105263	2.682026	12
0.894737	0.105263	3.682692	12
0.947368	0.105263	4.100156	12
1	0.105263	3.513018	12
0	0.157895	4.157107	21
0.052632	0.157895	3.652393	21
0.105263	0.157895	2.647724	21
0.157895	0.157895	2.157239	21
0.210526	0.157895	2.676047	24
0.263158	0.157895	3.680449	24
0.315789	0.157895	4.156575	24
0.368421	0.157895	3.623811	24
0.421053	0.157895	2.619943	23
0.473684	0.157895	2.158302	23
0.526316	0.157895	2.704882	17
0.578947	0.157895	3.707949	17
0.631579	0.157895	4.154981	17
0.684211	0.157895	3.594732	17
0.736842	0.157895	2.592732	17
0.789474	0.157895	2.160427	12
0.842105	0.157895	2.734197	12
0.894737	0.157895	3.734863	12
0.947368	0.157895	4.152327	12
1	0.157895	3.565189	12
0	0.210526	4.208842	21
0.052632	0.210526	3.704128	21
0.105263	0.210526	2.699459	21
0.157895	0.210526	2.208975	21
0.210526	0.210526	2.727782	24
0.263158	0.210526	3.732184	24
0.315789	0.210526	4.20831	24
0.368421	0.210526	3.675546	24
0.421053	0.210526	2.671678	23
0.473684	0.210526	2.210037	23
0.526316	0.210526	2.756617	18
0.578947	0.210526	3.759684	18
0.631579	0.210526	4.206716	18
0.684211	0.210526	3.646467	18
0.736842	0.210526	2.644467	18
0.789474	0.210526	2.212162	13
0.842105	0.210526	2.785932	13
0.894737	0.210526	3.786598	13
0.947368	0.210526	4.204062	13
1	0.210526	3.616924	13
0	0.263158	4.259998	27
0.052632	0.263158	3.755285	27
0.105263	0.263158	2.750616	27
0.157895	0.263158	2.260131	27
0.210526	0.263158	2.778939	30
0.263158	0.263158	3.783341	30
0.315789	0.263158	4.259467	30
0.368421	0.263158	3.726702	30
0.421053	0.263158	2.722834	28
0.473684	0.263158	2.261194	28
0.526316	0.263158	2.807773	19
0.578947	0.263158	3.81084	18
0.631579	0.263158	4.257873	18
0.684211	0.263158	3.697624	18
0.736842	0.263158	2.695624	18
0.789474	0.263158	2.263318	13
0.842105	0.263158	2.837088	13
0.894737	0.263158	3.837755	13
0.947368	0.263158	4.255218	13
1	0.263158	3.66808	13
0	0.315789	4.310434	27
0.052632	0.315789	3.805721	27
0.105263	0.315789	2.801052	27
0.157895	0.315789	2.310567	27
0.210526	0.315789	2.829375	30
0.263158	0.315789	3.833777	30
0.315789	0.315789	4.309903	30
0.368421	0.315789	3.777138	30
0.421053	0.315789	2.77327	28
0.473684	0.315789	2.31163	28
0.526316	0.315789	2.858209	19
0.578947	0.315789	3.861276	19
0.631579	0.315789	4.308309	19
0.684211	0.315789	3.74806	19
0.736842	0.315789	2.74606	19
0.789474	0.315789	2.313754	15
0.842105	0.315789	2.887524	15
0.894737	0.315789	3.888191	15
0.947368	0.315789	4.305654	15
1	0.315789	3.718516	15
0	0.368421	4.36001	26
0.052632	0.368421	3.855297	26
0.105263	0.368421	2.850628	26
0.157895	0.368421	2.360143	26
0.210526	0.368421	2.878951	29
0.263158	0.368421	3.883353	29
0.315789	0.368421	4.359479	29
0.368421	0.368421	3.826714	29
0.421053	0.368421	2.822846	28
0.473684	0.368421	2.361206	28
0.526316	0.368421	2.907785	19
0.578947	0.368421	3.910852	19
0.631579	0.368421	4.357885	19
0.684211	0.368421	3.797636	19
0.736842	0.368421	2.795636	19
0.789474	0.368421	2.36333	15
0.842105	0.368421	2.9371	15
0.894737	0.368421	3.937766	15
0.947368	0.368421	4.35523	15
1	0.368421	3.768092	15
0	0.421053	4.408588	26
0.052632	0.421053	3.903875	26
0.105263	0.421053	2.899206	26
0.157895	0.421053	2.408721	26
0.210526	0.421053	2.927529	29
0.263158	0.421053	3.931931	29
0.315789	0.421053	4.408057	29
0.368421	0.421053	3.875293	29
0.421053	0.421053	2.871425	28
0.473684	0.421053	2.409784	28
0.526316	0.421053	2.956363	20
0.578947	0.421053	3.959431	20
0.631579	0.421053	4.406463	20
0.684211	0.421053	3.846214	20
0.736842	0.421053	2.844214	20
0.789474	0.421053	2.411909	14
0.842105	0.421053	2.985678	14
0.894737	0.421053	3.986345	14
0.947368	0.421053	4.403809	14
1	0.421053	3.816671	14
0	0.473684	4.456035	26
0.052632	0.473684	3.951322	26
0.105263	0.473684	2.946653	26
0.157895	0.473684	2.456168	26
0.210526	0.473684	2.974976	29
0.263158	0.473684	3.979378	29
0.315789	0.473684	4.455504	29
0.368421	0.473684	3.922739	29
0.421053	0.473684	2.918871	28
0.473684	0.473684	2.457231	28
0.526316	0.473684	3.00381	20
0.578947	0.473684	4.006877	20
0.631579	0.473684	4.45391	20
0.684211	0.473684	3.893661	20
0.736842	0.473684	2.891661	20
0.789474	0.473684	2.459355	14
0.842105	0.473684	3.033125	14
0.894737	0.473684	4.033791	14
0.947368	0.473684	4.451255	14
1	0.473684	3.864117	14
0	0.526316	4.502218	32
0.052632	0.526316	3.997505	32
0.105263	0.526316	2.992836	32
0.157895	0.526316	2.502351	32
0.210526	0.526316	3.021159	34
0.263158	0.526316	4.025561	34
0.315789	0.526316	4.501687	34
0.368421	0.526316	3.968922	34
0.421053	0.526316	2.965054	33
0.473684	0.526316	2.503414	33
0.526316	0.526316	3.049993	2
0.578947	0.526316	4.053061	2
0.631579	0.526316	4.500093	2
0.684211	0.526316	3.939844	2
0.736842	0.526316	2.937844	2
0.789474	0.526316	2.505538	7
0.842105	0.526316	3.079308	7
0.894737	0.526316	4.079975	7
0.947368	0.526316	4.497438	7
1	0.526316	3.9103	7
0	0.578947	4.54701	32
0.052632	0.578947	4.042297	32
0.105263	0.578947	3.037628	32
0.157895	0.578947	2.547143	32
0.210526	0.578947	3.065951	34
0.263158	0.578947	4.070353	34
0.315789	0.578947	4.546479	34
0.368421	0.578947	4.013714	34
0.421053	0.578947	3.009846	33
0.473684	0.578947	2.548206	33
0.526316	0.578947	3.094785	2
0.578947	0.578947	4.097853	2
0.631579	0.578947	4.544885	2
0.684211	0.578947	3.984636	2
0.736842	0.578947	2.982636	2
0.789474	0.578947	2.55033	7
0.842105	0.578947	3.1241	7
0.894737	0.578947	4.124767	7
0.947368	0.578947	4.54223	7
1	0.578947	3.955092	7
0	0.631579	4.590287	31
0.052632	0.631579	4.085574	31
0.105263	0.631579	3.080905	31
0.157895	0.631579	2.59042	31
0.210526	0.631579	3.109228	35
0.263158	0.631579	4.11363	35
0.315789	0.631579	4.589756	35
0.368421	0.631579	4.056991	35
0.421053	0.631579	3.053123	33
0.473684	0.631579	2.591483	33
0.526316	0.631579	3.138062	1
0.578947	0.631579	4.141129	1
0.631579	0.631579	4.588162	1
0.684211	0.631579	4.027913	1
0.736842	0.631579	3.025913	1
0.789474	0.631579	2.593607	6
0.842105	0.631579	3.167377	6
0.894737	0.631579	4.168043	6
0.947368	0.631579	4.585507	6
1	0.631579	3.998369	6
0	0.684211	4.631929	31
0.052632	0.684211	4.127215	31
0.105263	0.684211	3.122546	31
0.157895	0.684211	2.632061	31
0.210526	0.684211	3.150869	35
0.263158	0.684211	4.155271	35
0.315789	0.684211	4.631397	35
0.368421	0.684211	4.098633	35
0.421053	0.684211	3.094765	33
0.473684	0.684211	2.633124	33
0.526316	0.684211	3.179703	1
0.578947	0.684211	4.182771	1
0.631579	0.684211	4.629803	1
0.684211	0.684211	4.069554	1
0.736842	0.684211	3.067554	1
0.789474	0.684211	2.635249	6
0.842105	0.684211	3.209018	6
0.894737	0.684211	4.209685	6
0.947368	0.684211	4.627149	6
1	0.684211	4.040011	6
0	0.736842	4.67182	31
0.052632	0.736842	4.167106	31
0.105263	0.736842	3.162437	31
0.157895	0.736842	2.671953	31
0.210526	0.736842	3.19076	35
0.263158	0.736842	4.195162	35
0.315789	0.736842	4.671288	35
0.368421	0.736842	4.138524	35
0.421053	0.736842	3.134656	33
0.473684	0.736842	2.673015	33
0.526316	0.736842	3.219595	1
0.578947	0.736842	4.222662	3
0.631579	0.736842	4.669694	3
0.684211	0.736842	4.109445	3
0.736842	0.736842	3.107445	3
0.789474	0.736842	2.67514	8
0.842105	0.736842	3.24891	8
0.894737	0.736842	4.249576	8
0.947368	0.736842	4.66704	8
1	0.736842	4.079902	8
0	0.789474	4.70985	37
0.052632	0.789474	4.205136	37
0.105263	0.789474	3.200468	37
0.157895	0.789474	2.709983	37
0.210526	0.789474	3.228791	40
0.263158	0.789474	4.233192	40
0.315789	0.789474	4.709318	40
0.368421	0.789474	4.176554	40
0.421053	0.789474	3.172686	38
0.473684	0.789474	2.711046	38
0.526316	0.789474	3.257625	3
0.578947	0.789474	4.260692	3
0.631579	0.789474	4.707725	3
0.684211	0.789474	4.147476	3
0.736842	0.789474	3.145476	3
0.789474	0.789474	2.71317	8
0.842105	0.789474	3.28694	8
0.894737	0.789474	4.287606	8
0.947368	0.789474	4.70507	8
1	0.789474	4.117932	8
0	0.842105	4.745914	37
0.052632	0.842105	4.2412	37
0.105263	0.842105	3.236531	37
0.157895	0.842105	2.746047	37
0.210526	0.842105	3.264854	40
0.263158	0.842105	4.269256	40
0.315789	0.842105	4.745382	40
0.368421	0.842105	4.212618	40
0.421053	0.842105	3.20875	38
0.473684	0.842105	2.747109	38
0.526316	0.842105	3.293689	5
0.578947	0.842105	4.296756	5
0.631579	0.842105	4.743788	5
0.684211	0.842105	4.18354	5
0.736842	0.842105	3.181539	5
0.789474	0.842105	2.749234	10
0.842105	0.842105	3.323004	10
0.894737	0.842105	4.32367	10
0.947368	0.842105	4.741134	10
1	0.842105	4.153996	10
0	0.894737	4.779912	36
0.052632	0.894737	4.275198	36
0.105263	0.894737	3.270529	36
0.157895	0.894737	2.780044	36
0.210526	0.894737	3.298852	39
0.263158	0.894737	4.303254	39
0.315789	0.894737	4.77938	39
0.368421	0.894737	4.246616	39
0.421053	0.894737	3.242748	38
0.473684	0.894737	2.781107	38
0.526316	0.894737	3.327687	5
0.578947	0.894737	4.330754	5
0.631579	0.894737	4.777786	5
0.684211	0.894737	4.217537	5
0.736842	0.894737	3.215537	5
0.789474	0.894737	2.783232	10
0.842105	0.894737	3.357001	10
0.894737	0.894737	4.357668	10
0.947368	0.894737	4.775132	10
1	0.894737	4.187994	10
0	0.947368	4.811749	36
0.052632	0.947368	4.307036	36
0.105263	0.947368	3.302367	36
0.157895	0.947368	2.811882	36
0.210526	0.947368	3.33069	39
0.263158	0.947368	4.335092	39
0.315789	0.947368	4.811218	39
0.368421	0.947368	4.278453	39
0.421053	0.947368	3.274585	38
0.473684	0.947368	2.812945	38
0.526316	0.947368	3.359524	4
0.578947	0.947368	4.362591	4
0.631579	0.947368	4.809624	4
0.684211	0.947368	4.249375	4
0.736842	0.947368	3.247375	4
0.789474	0.947368	2.815069	9
0.842105	0.947368	3.388839	9
0.894737	0.947368	4.389506	9
0.947368	0.947368	4.806969	9
1	0.947368	4.219831	9
0	1	4.841338	36
0.052632	1	4.336625	36
0.105263	1	3.331956	36
0.157895	1	2.841471	36
0.210526	1	3.360279	39
0.263158	1	4.364681	39
0.315789	1	4.840807	39
0.368421	1	4.308042	39
0.421053	1	3.304174	38
0.473684	1	2.842534	38
0.526316	1	3.389113	4
0.578947	1	4.39218	4
0.631579	1	4.839213	4
0.684211	1	4.278964	4
0.736842	1	3.276964	4
0.789474	1	2.844658	9
0.842105	1	3.418428	9
0.894737	1	4.419095	9
0.947368	1	4.836558	9
1	1	4.24942	9
